7595
732
9246
5026
2969
-6941
-4168
-23
3607
-2670
7797
-3765
1738
3207
6559
123
1290
-9008
2055
4839
-3303
-2315
714
3175
2045
4826
-4102
6637
-3664
3593
-6798
-665
-9805
7494
-8209
-2112
9068
-1390
-5964
4401
-4269
950
-7577
9872
9744
-6748
-881
6044
-4849
9146
4004
6150
2882
4224
3496
-8599
-1437
-633
-4758
1660
3782
-9710
6375
-9431
-5449
-9996
-3797
-8348
-1542
-4059
3438
9065
2621
2372
-7064
-4138
-8871
6110
7800
2160
5674
8711
-3356
2541
2779
-9968
-8820
1647
182
3646
-5481
5123
-9183
-5353
-9183
-3410
7809
4559
6796
-7597
-1819
6314
6260
9918
-172
5474
-6089
-5196
-4340
3092
-4801
9349
-8267
-6262
4242
-7199
6974
-7707
-6960
-1101
4734
-1967
2254
2070
1558
8406
-2969
1620
5623
-6625
7087
-5245
-2892
278
2478
-3760
622
1968
1773
-7579
3281
428
2730
8222
477
4495
-7456
2506
5517
7945
6108
-9583
-5423
-2941
2654
-8180
-1316
8811
5019
7914
-9300
2987
5156
1630
-4958
-4624
-611
8168
1133
-7308
-8471
-9835
6075
2380
6533
5581
2403
-3459
569
-982
6747
4912
2384
7950
-5846
-4694
-6154
-1256
6619
9321
1092
-6625
-5443
-5805
-9672
-6773
-8342
2339
964
3213
-5739
-1311
-387
-5874
344
5436
-8626
9953
1498
-5372
-2392
-2487
5433
-9558
9375
3068
3530
24
970
-8956
-3105
5608
-5273
-1041
-5595
5260
-7918
2506
4002
-7000
-6534
1084
3827
-4509
-6489
-2467
8821
-5560
-6042
-8927
2845
-3648
1773
-3923
-6980
1640
-8948
462
6705
-5903
8971
-1138
9077
1808
1373
8710
4995
3613
-3164
4916
-185
-6388
3949
5510
347
-5435
-4487
8660
-2235
-2313
-2719
-4957
-3700
-8745
-2051
4794
-5995
2026
-2730
5149
-7786
8118
6724
-1038
-93
7863
2822
3434
3434
4661
-5744
1297
8026
-6789
-6594
-3188
9648
-8287
-7874
-7909
-8943
7460
-3773
8649
-3833
5929
365
-516
5638
1920
-1535
-7918
-8364
611
3567
-2245
9149
9429
2278
1414
-9425
983
-2113
-280
320
-6946
3024
3379
-9592
-5974
5675
-8652
-7579
9654
5032
9463
1284
7295
-7648
3862
-715
-5723
7277
-4807
-8694
8960
-9050
5165
-374
-7662
-1905
1586
2772
-4582
4498
8333
6406
-9118
7359
1880
-3786
-8075
-3102
1970
8476
-4990
-822
4876
-8034
-6718
-4959
-6743
-443
1207
-7945
763
-998
9140
-2369
-8244
9671
2107
1998
-9772
1705
9314
-9476
-7011
5448
198
5746
9717
-88
8714
-2103
-9475
-4370
-5929
-7363
2536
7021
2512
7429
-2189
7617
-5865
-3915
-7199
-7257
-3517
3159
-9362
-3187
2937
-8245
6568
8694
9324
7859
-8017
4090
366
3620
387
8562
6467
6746
-3545
-3940
2869
7754
-3205
9178
4522
-4969
7327
-5525
2341
-6277
9225
4939
-3098
-6986
-686
7126
1575
-6014
2788
-7099
424
-5975
4974
7303
-9938
-868
9737
8789
1409
-4824
3803
2784
2459
2406
9357
-4345
-805
370
-2465
-5439
8145
-6970
7917
7569
3750
-1266
-7518
-3683
-6471
9393
7852
-7082
-1606
-9109
-5704
3891
499
3265
-3725
2733
-2873
331
-5714
7228
-3628
8601
7730
3786
7021
-2867
-134
9064
-3371
5735
5361
2240
-707
-1266
8830
-3249
-4673
4945
-2252
-4821
8517
1714
-3222
-4404
2925
-4123
247
-9877
-6643
-5521
366
1621
-3487
-4325
-6263
8531
-2658
8603
-2953
5182
5988
-6585
9241
7748
-5970
5512
5367
8945
371
9903
-7648
-3172
-2314
-6139
-3345
4957
8373
9755
-6177
6146
-4744
-1348
806
-86
9319
-6809
512
4064
6743
3172
-6742
-4007
241
7111
2857
-1004
-7898
7610
-3115
-5928
3820
-7284
-7994
-5416
-3151
-8855
-3761
-2956
-3516
3960
7902
1507
8325
8805
268
648
-4382
8216
6513
-12
-3205
3691
-7633
-7669
-3399
-3307
-2806
1021
2676
-6980
6657
-4931
9562
-4589
-8550
-3691
-7727
4178
-946
1303
8084
-4968
-6047
-6343
5513
-2786
-541
9618
6264
-1250
6562
-324
-3572
-2250
-3994
4250
2459
6278
3788
4716
-581
6714
-6384
-869
7602
-1794
4311
-9614
-9349
-359
-2360
8777
6141
5153
839
9888
-6037
8468
4736
-8246
-1815
5078
5391
-5490
9518
-4956
1587
7925
4676
-3832
8808
9778
7939
9643
-2205
-990
9499
9828
2155
3112
-8381
-1521
-1843
3550
3030
8192
-1477
9042
5595
5961
6744
-9304
7651
-8109
-8019
-9861
-2508
-5233
450
1644
-7404
2848
1469
-9731
3067
-2088
7708
-3045
1142
8005
7817
-4461
-326
-4421
-8694
-3255
-6793
1336
799
5102
-6487
673
-3964
8675
3725
-8677
6962
1319
-6284
-3867
-9977
-107
-149
4591
9087
5063
5253
7283
406
-5072
692
-2268
8874
-5449
5548
-6624
-9007
944
839
-2716
2020
-197
8421
-8782
6811
-7382
4643
3664
-6488
-7669
3534
-1771
-6612
-49
6818
6955
656
-6725
-9576
-5998
1979
-8210
1380
7477
6835
-4167
315
-1111
-4556
-447
-3421
217
-3865
2082
3143
-6518
1110
5049
4373
8204
7895
2862
-1713
-9568
-3038
7268
3410
-8
1129
-7504
-3501
-7639
-9475
788
1966
-5827
8525
7419
-8740
-9116
3104
9462
2925
-5177
8827
-3567
-7516
-8587
8
-3268
3749
6567
-5122
-181
879
-8998
-9495
1240
-9341
7944
7735
-6782
-1449
6082
-3512
6004
-325
4470
4601
3931
223
935
4145
6724
-2025
-7786
-2482
8428
-215
-3490
4235
5381
5592
-5478
9348
-69
5329
-2841
-4654
8696
3306
-1514
8538
-8079
8386
5989
8694
-2592
-7934
-3040
7303
1785
1058
-8377
9853
8687
-5721
-7234
3947
2310
-6540
-5210
-8004
-6013
-4619
-9402
132
-4759
7879
6710
3641
-9141
-8710
-2891
5910
313
2657
3679
4509
-5743
834
7972
4372
-286
2450
-4017
-7626
-2040
5607
-1348
-2175
7551
8409
-8419
-9501
4774
-288
-9008
5302
-2724
-6007
-7850
1427
3002
-2987
-7727
-5165
-6632
-743
5121
6713
5462
-8048
-3132
-9912
-5815
-6826
-6266
-688
-3580
292
1335
9699
427
-6859
-4269
-5976
-3450
-2625
8066
-3366
3091
-8340
2441
4605
5262
-2827
-6076
2969
2963
-6291
3459
7617
-4936
-5011
-7741
-2891
364
3360
-4447
-7641
6105
-7732
9921
2784
320
-7270
-7241
9516
-372
-8661
-7915
-6357
5148
-2345
-9402
-4287
7719
-193
8248
6896
-1509
-22
-4005
-4560
7617
3925
-2505
241
7384
-6347
9975
9732
-3873
1648
-7296
989
9057
6515
-1713
-7309
3523
-855
-2671
6234
-3659
6855
7137
8252
-4591
2608
-969
-7972
8943
-6525
-1195
-2735
5352
7900
4969
-9982
2411
1782
-2163
-1341
-1785
497
-374
6218
-8084
5925
-7253
786
-5799
252
212
552
5208
8633
2723
-675
-5619
7341
-2725
-7870
-2499
6749
-5842
4033
1103
8026
2864
1755
5387
9161
-5634
-7654
-8854
-2756
7314
-5741
-6839
8087
-78
-3051
-9249
-2685
7244
-4520
-9262
4211
-3871
3388
-2922
2203
2407
-8858
-9359
1381
6739
8067
-439
-9968
6499
440
-6504
-4634
9999
5399
-5670
-9960
-3204
1177
-7103
-547
6837
-4108
3175
3622
7446
-7951
1980
-1252
9895
242
2315
-6983
7741
-7956
-8681
-2315
8119
-5731
-1021
7061
-4775
-9145
-1206
2636
-678
5090
6193
6610
-4488
-8171
-831
7608
-3474
6129
8167
5281
-7601
7155
5449
1971
-6762
1065
9390
5607
-6393
-8062
7582
-6999
-7676
-5253
-8942
3836
-7782
3632
-9024
9440
3187
-7340
-3534
-6397
-9351
-8263
3310
-9668
1165
-128
-6678
5187
-8821
-3888
4538
3062
5255
7592
-4995
6276
-3628
988
8532
-5512
-2781
7555
-2380
-2955
236
4893
4048
-6269
8178
-445
-3168
2927
1398
4019
6621
8796
-2762
-3033
3936
2892
7661
5655
-182
-5647
-1963
3906
6013
-5028
-6923
7447
-6087
3466
-8668
2283
1219
-3762
-8722
3864
-5218
3747
6760
712
1624
-52
6591
7214
6603
-2149
4446
-1058
9761
-7777
7546
104
-9600
4201
2319
380
5643
6550
-8602
9026
-6413
-7449
5670
4935
9654
-2592
2073
7689
-4687
4038
-2449
6311
-3679
-9318
9167
6237
3440
-9517
-8706
6058
-4383
235
5580
-7855
92
-3530
-5262
5942
-2436
9609
7683
-4386
-9951
9653
-7011
960
6998
3049
-1762
9661
-7419
-4342
4423
-5486
-5352
-8024
-7770
-6908
-3993
-2787
9946
-8480
-4637
9813
-1228
-3558
9959
-9457
-3044
-6058
3976
-7583
8711
89
-1700
-7820
-5106
1004
-9584
5726
-5933
7102
-7551
6483
2184
-1780
-4315
-8081
2939
-5369
6400
-3384
5643
-5633
-2078
-5049
2451
-2695
-1081
408
4923
1910
8907
-1782
427
9664
-7731
-8943
-600
4391
-7648
-6080
-4176
-6229
1120
-9201
4003
-688
6068
-9360
962
8796
-2746
8417
9904
936
385
3102
4173
-8452
5979
4828
-8679
9667
-2722
-1201
-3959
3773
-9167
7914
-8062
8505
-4597
4905
-3169
-1905
-9899
-7509
-9343
420
-853
1193
-838
-5227
-7754
-9167
-9742
1024
-730
-8292
4262
5728
3135
-9778
-3215
630
9649
3773
-1726
-9788
5613
5442
-1986
-6018
593
2472
-1692
-7857
7081
8287
-8205
9573
-1598
9175
3419
6966
-5133
1043
8893
8136
-4785
-1284
-8801
-5780
-3464
-3493
-3156
-1354
-5936
-8045
-4329
-3749
-4881
4407
7692
-4342
-8339
471
4419
4448
-3313
8749
8890
-1243
-4357
-5777
-6840
7211
-5993
839
9020
802
7715
1022
4642
-6644
-8659
14
-3602
-340
-4592
-5657
6594
-262
-5982
-9855
9293
-4713
-9763
8846
-9816
-1962
6093
-8133
-6819
-8944
-5390
8464
-1463
1798
-7959
7754
-5208
604
3827
-3519
-6097
-9017
1588
-4576
-7057
9749
-7067
3958
422
7862
9389
7889
-7819
-3906
-5775
-5464
-5619
-9069
859
-4807
-5033
-3257
1127
4655
-4657
-7318
1980
-835
5331
2891
-940
2988
2983
2932
6815
-3800
3455
3115
-7412
5525
5849
5011
1061
-7124
-8907
-5530
-78
961
-2319
65
-5265
8625
-2570
4064
1652
3735
8967
-959
-8667
-1556
-2236
6708
-7218
-1898
3326
2228
-4339
8816
-8004
-6999
1664
8963
4565
-9296
9813
-4095
9426
7500
5004
-3856
-9859
5465
-8361
7131
-5546
-155
-9024
-6060
-3797
-6482
-1559
6957
6231
9088
7311
-9370
-6823
-3742
4270
-1392
-5885
5288
2557
-6792
1293
5786
-6016
3265
9414
9192
-275
-287
-4602
-9687
-7662
-8107
6806
4239
-5142
-6966
-2756
4504
3649
-3983
-163
4339
4841
-3308
-7810
8027
2533
-7576
-3301
-2020
-3624
-85
-2813
-1360
-1123
-696
-6013
-3508
-292
5805
9956
6422
-356
8271
1437
3287
-7818
2938
2019
-3244
2317
6376
-5241
1801
3928
-1923
4718
-2552
-2287
9254
-8674
-2662
-7755
-3778
-797
-6785
-8498
6007
669
9253
-7869
8962
-6510
3229
3076
-6995
4958
-3899
-8656
-5321
-9260
-7646
-7897
-4826
-635
-8477
-1464
-7580
-3977
-2741
-6066
-3009
5772
7980
-1582
4336
-8593
3519
-756
4814
529
-9072
-6828
-6178
-6865
3699
-3563
4764
4644
-4402
765
-7288
996
2225
-5261
-404
-5398
-5323
-2723
1628
5405
-8028
2789
-7404
-784
-3382
-8610
6592
-8139
8998
-7329
-5038
-8501
8676
-2632
128
4044
5493
-8264
-8035
7369
1841
6341
-11
-3936
4786
-1829
-4575
-5923
-8484
8409
6611
-1120
97
-8040
-2695
-9326
-6531
5001
3696
-1916
-4721
-2462
8690
-6478
-733
5362
-7173
-7546
207
9323
119
8348
4470
-9791
-649
3840
900
7622
-285
7977
3278
524
1772
4579
3642
3506
9098
-5879
1696
6758
207
-2351
618
-7678
6077
-5170
-2028
-618
3821
6388
8914
3059
-1849
3545
-4822
1313
-4663
2177
8300
-9805
3529
3954
-4784
-2836
-4374
-9153
-7223
8279
-4374
-7660
-8053
8922
-4350
-5877
3998
594
7602
-5397
-1190
268
4634
9015
-5039
-6839
-9217
-7871
8464
-249
-7065
869
-4089
-5306
-3486
-6326
1542
9011
9536
7537
6504
1933
5455
-826
-871
1474
5072
1661
-3597
8548
-671
-3798
4936
2639
-8219
-7610
-8684
2140
7045
-8210
4731
545
-2834
-9387
-4418
-2519
8866
9814
2290
-7102
2806
9231
-8847
-3795
6034
-6834
-144
-8264
3480
-8905
-3132
1933
-5800
-4112
-1739
5332
-9106
5599
-2325
-3414
8280
6286
3232
3966
-238
5003
-8204
-4400
7657
267
4681
6856
-177
-9394
1996
7962
4901
3105
5717
-5753
-7532
-3690
-6783
7021
4460
-5131
-2349
6676
-7094
668
130
-9991
-4225
4782
-6663
-3085
-5501
-926
1814
9332
-2473
-8291
-9992
6639
8083
3296
5652
5914
2939
3372
2769
-7863
6968
7921
-4052
-6096
6438
-1443
3691
733
-6227
-7581
79
-5828
-7157
-7741
-1373
8502
-395
-7777
-1827
6746
-8165
6418
4071
-8240
-1261
151
3725
7292
-916
-1457
2235
302
-2674
1683
2527
2360
-7337
5947
-4428
1469
9110
-8274
3480
336
6600
-4004
6816
-8374
-7128
-6911
-295
-9820
-2568
5219
-8172
1445
856
4422
4376
-4077
727
7168
-1189
-5245
-8004
4720
-6945
-7415
6551
3302
-3622
-3521
-247
7747
-860
1426
-7398
-5933
-2464
2258
5905
7496
1868
-9343
7259
-2118
-4828
2223
8804
1502
3987
5693
-7145
-7358
-6631
-4144
8914
4946
1827
-4012
-8293
-798
-7884
-5532
7709
4272
-9783
134
2099
6895
602
86
9966
-9861
563
-2542
3430
6019
-8668
-2093
8219
-5728
-9308
8737
-8011
-7213
-6140
-7684
-103
1962
3033
4546
9320
-2384
-5521
2108
-9334
6400
-6936
-6978
7240
-7330
6262
8465
1465
-2716
-454
-399
6137
-9306
2572
3095
2615
9157
-3357
-3725
1637
-5530
-8307
3559
1059
-411
7923
5867
6185
-3850
-5998
-2493
3813
5554
-3584
609
1630
-7237
-6551
1825
-9021
7354
-5895
-2791
-9926
-9290
536
-8427
-3012
-5924
-7701
855
4668
-7835
-5698
-6957
6650
-3105
-6955
8935
6683
5274
6285
-9200
-4347
3027
337
-3575
9315
783
-6497
-7208
-7853
-6743
-1017
-6382
5814
2534
220
7014
-3999
3400
4094
3739
6803
8111
3347
-4185
-7849
8493
6900
14
-1063
1002
-1108
6334
4009
-6373
-2173
5970
-3634
8014
120
-6541
7138
4869
5832
1993
2296
-4727
-7135
3248
2051
5065
4873
-2815
-8485
-7549
8890
-4572
-5609
7607
-8023
-3286
-281
-6956
1061
-9139
3949
30
7466
5880
6558
9738
-2846
-7670
3511
-1246
-31
6272
8371
-7811
-4607
-9416
-7131
254
1244
-2036
-5948
143
-1775
-5787
3432
-2473
-5803
-7019
-6488
2544
7469
-913
7936
-7502
1913
-2943
-738
-1900
-3144
-5672
7446
9395
-4346
-9119
3959
6030
2843
-3652
8004
2162
5781
2877
9646
7018
-5596
-7214
-4137
-8815
-3247
-474
-6251
5360
7902
8872
2620
-7529
1019
1111
9517
2746
4592
-739
3031
5628
-3
-3417
-6615
4452
1872
2681
2789
7760
-9639
20
-3603
7633
5279
-7407
7382
7205
1018
4013
-8490
-6082
4240
3909
-6209
-1903
-6422
8664
-109
-2956
3438
2569
988
7880
-9911
5417
3087
1455
6039
9423
-1626
4563
-4373
-5677
-6863
895
-909
3208
-2326
1566
9547
5730
3654
-8237
-8519
9939
-3511
-1321
-378
3956
-876
4133
3458
-6107
-1473
3721
555
7391
6757
-5044
-2568
-5296
-6821
-939
4828
5084
-4576
-9093
-3424
5175
5554
3986
-8984
-9478
6354
7414
669
7747
8864
3057
6731
5027
-6197
-2572
-9682
-9174
2964
7025
6797
3730
428
1979
-164
2995
-1375
-5641
-8584
-1969
-3087
7807
2296
-4868
5402
-4028
4366
-8862
-7740
-8171
3229
7326
-3066
-262
6583
-4050
-2798
-6843
-9520
844
-7429
-3050
3164
6770
-3262
-7228
3258
72
6753
-7348
2108
9014
-9231
3395
4496
9327
7250
6167
-2119
7038
8403
4273
-5972
5026
6231
-198
2902
7962
-4948
-1027
7964
-8264
3531
8513
6582
5173
9989
-3469
8433
-6436
-8353
6996
5803
-2260
386
2088
2500
-8184
-1210
-4679
9082
736
-7896
-295
7126
-4125
-3996
-3908
-813
-4296
3971
2646
9213
-1064
-4975
1669
-1358
7815
203
2578
-5596
-5205
6473
8697
-5403
4206
-4530
-8427
9909
-375
7906
7677
7785
-8392
-3746
5771
5959
8602
-9038
317
2956
2025
2663
-1916
-1947
-8884
717
7259
-7275
-2006
7330
-4112
-8704
9092
1286
5004
-653
-1386
-2628
-5490
1469
-7168
645
6975
-5161
4546
7067
6719
703
8581
546
1226
-478
-5746
-9590
2764
8762
804
5795
153
-3892
1003
-3827
-1887
5727
-1915
-2057
-3652
8042
-6505
-4238
2738
6744
8041
-2799
-4171
6945
-6503
8517
3304
2086
-1722
-2610
8483
3958
1789
1924
-686
-5404
7037
9664
2604
4238
-6601
2116
8900
7685
-4681
-126
-1549
1516
-7934
-566
-4959
2998
-7314
400
8842
2495
-6863
4016
4609
-3756
-9722
-2651
-1352
-3067
-1013
488
1148
-2496
8845
3425
-742
8492
-6066
2724
-5671
-4327
-2413
-2851
3851
9518
7584
-3952
5263
-4570
-8234
9923
-7620
-190
-3842
-7735
3893
-2628
-7574
-7701
1277
3612
-9590
-8361
-5060
4951
-916
4964
-9442
4761
1832
-603
9620
-741
7204
-509
-5729
-811
-6221
571
6226
-501
-9165
620
-8403
-832
-8327
-3129
2993
3767
7535
323
-8942
3177
3364
5144
377
7814
-7981
-9838
8365
389
-2322
-9990
-1519
6231
1892
5645
-5379
-3607
4351
9211
-555
1018
8816
7412
-4678
1359
9597
4170
998
3149
-7547
6300
-8348
8125
-8131
8001
-3774
-925
3592
6904
-8272
-5257
-9977
-2295
3203
-5800
-6491
23
-3541
1202
-115
-1552
-8556
7385
-2720
-1998
-8272
-4364
-8654
-3313
-570
-739
-5694
-2024
-6813
-172
2172
5067
-4667
-4189
84
-2708
6282
-8957
-9119
2160
5911
8701
3493
4408
-4666
6967
-8724
-8510
-7684
-5121
8590
1868
2941
-3597
-258
-4994
-4891
1722
2698
8602
-4172
1667
9262
-9348
-9005
6862
3
5731
-1225
-3514
4101
-3767
-3938
9460
-414
-9525
5441
2712
423
-38
8568
-5805
3706
-379
-588
6776
3838
-8514
-5565
-6513
-7055
-1868
244
1305
8517
3120
9331
-1787
900
8973
4227
5039
-1794
-5935
5317
-9031
-9042
5967
-1004
2118
-9506
-8708
-4247
-5454
2944
5196
3978
-5452
-1608
5407
1129
-3280
-1277
-7145
9583
-8915
2346
-8989
7768
-6636
-656
8825
-1249
-5986
-5810
-9996
8497
-5256
9709
2916
1259
-9306
-3984
-9218
6123
8107
-5377
7956
-4075
552
-5325
8097
-622
-9043
-2461
2093
9540
4065
-3854
-9432
-3556
-7905
2360
6474
-1085
-8404
-6630
-5968
7150
-2854
-9556
5686
-8313
-6808
5219
-2120
-752
9733
-3660
5171
-7030
-6910
-8285
-8960
-1176
-9261
-1698
1642
-9953
-3314
-4903
3505
-1630
771
1049
6427
6737
-9743
-1880
4893
6553
-6923
4399
8543
-1903
-6387
1314
4666
2959
-3928
-8210
1527
2187
2352
6207
1150
-6689
-4063
9943
-7245
-860
-7540
-4325
-5676
-1615
3850
-2588
6213
8472
-6645
-4229
-5982
-8368
-2806
-3975
-5343
6219
-2448
6317
-7758
4687
1659
2364
8291
3866
-4545
1271
4726
-5130
-2106
-9853
-6435
5528
-2051
-8274
2931
-2517
9048
-9930
7620
-159
-1869
-7628
3404
-5366
6165
6453
4418
7013
-9160
2086
-6655
8694
4153
4832
-4915
-2974
-9276
8670
-5281
1042
-8804
8022
1142
-9310
-4439
240
-6068
764
-3944
-3629
-1658
5501
2843
-782
5069
-5620
4965
-5494
-6440
-659
8193
2177
7382
-908
8228
-7275
-5809
-3455
-1648
-2965
-2640
7989
1199
-4037
-8831
-7254
5759
-8988
-443
6106
8316
-4641
-9402
2241
7617
-6634
1152
1754
7631
3097
529
721
-8009
-3214
-4394
6303
-3722
-6427
2945
-3241
3554
7136
-5232
-3493
5996
-109
-7343
-231
6442
2450
4279
283
404
7239
5195
1180
-7521
-5189
9494
-6211
-995
5424
6609
7798
-7585
6371
-9825
2452
-6659
-5668
2237
-2821
-8423
7543
-5669
5509
-7945
-296
-9853
-5185
-2381
4284
-9516
-5234
3071
7084
3536
-7133
5686
-6027
7434
8535
-7852
-7973
7173
-7865
1717
4032
-9119
2386
4142
9858
-9978
-9353
-179
8872
-2867
-1827
2861
4766
6822
-6236
7528
5584
8166
-509
-841
8301
5360
6200
-8261
1304
4552
-7926
3221
7866
-2151
-432
4959
-94
-5627
6254
-8772
3247
-6469
8663
-8539
-152
875
5428
2676
5374
-5127
7549
-6845
4954
8066
-387
-5208
-4619
-3848
-6396
-2798
-5812
-8730
-8984
-6303
1014
481
-7759
-4780
-1209
6233
9293
5836
-2457
6137
5997
-9740
1351
8466
6289
-2908
5241
315
1559
-7999
-4036
8374
-4895
-187
5500
1002
6341
-8805
4788
-5609
5398
-497
571
-9517
4407
-8138
358
8418
1878
-6558
8799
-6463
3565
369
2242
9165
-8703
7768
-5330
405
2495
143
4108
-799
5695
9742
9740
2770
-1359
-8211
-238
1707
3786
-7154
70
-4192
-7257
6502
-8735
4318
3696
6333
-1537
-9386
-1701
-3508
9172
-8455
2790
-5583
-4094
-8976
-6333
266
-520
2589
523
-7180
-6655
-2886
-2096
-9677
-6146
7427
-1912
8199
7039
-8478
7363
-5562
-7583
4945
4534
-8981
9093
-8753
-515
-4792
3198
-3818
-1271
2212
6041
4968
8981
-6288
2351
-4643
-9697
-9429
-1470
2226
-651
681
-9420
-1636
-955
-1184
8951
1334
4592
3439
6999
3505
1398
-7294
-9110
9579
8915
9814
9739
-9588
4816
2250
5640
5591
4274
-4611
3616
-3567
6475
-9167
-2998
4360
-5252
-2454
-1501
4054
-1060
1158
3965
-3057
-1807
-7381
-9603
-9750
-9342
1154
-1777
472
390
4529
1943
-8870
-9090
1927
9
7507
2482
2045
-6205
2097
-5367
-243
-4921
-7256
-7172
2459
6737
2496
-9507
-293
-2589
-2887
9952
-2396
3167
4177
4644
-7338
4970
4700
-1640
-8431
-6472
5967
-4682
-6701
-2412
-3135
848
-6010
3503
-5766
9484
-7736
-3894
-3382
-4742
2034
2490
-3337
308
7329
-2425
-1770
3674
4404
6123
5260
8570
-8917
-382
-9506
-7684
-1834
8316
-4118
-4869
5866
4733
6114
245
-9276
-7246
-4076
-4063
5796
6390
-1050
-2583
-8840
-5738
1399
6350
6689
9244
-717
-251
-6978
-7499
3333
9529
1346
-2611
8830
-209
8485
8733
1623
1974
-8471
5058
-2478
-2827
-6898
-7069
-9809
-7240
-7640
8803
-4978
6474
8685
1337
4244
5513
-949
7156
-3978
730
9326
8150
3952
5262
-9423
-5719
-317
-5870
9265
9152
345
-4751
-8567
9670
1947
-8749
7000
-5879
2
3305
8189
-4367
2799
646
3430
-930
869
-8791
-9656
2424
-8023
-9828
7810
33
653
-1775
6426
-4845
-8154
2594
2875
1075
6489
2170
424
-9155
5558
-5804
-7678
-6723
2461
3484
-2072
1940
2865
-2759
6084
6894
-7446
1468
2372
-9472
-5026
-1989
-5743
-5414
-8871
7712
5562
-6351
6086
2240
-4123
-5374
-2464
-9054
-1527
9377
5058
8670
9307
-5232
-8021
-306
-3227
-4699
-7671
-2559
-7745
9056
5527
-6545
3136
1714
-7522
3726
6759
-3089
-1307
9089
3018
5514
-4835
-6877
5332
-3555
-5929
7925
8161
9842
-1476
-8858
-9863
9927
6681
-5124
-4907
2286
2843
143
1479
-6618
-8200
5433
-8202
7878
-3389
6293
-7677
-1407
7367
6173
8515
2082
6393
247
6570
-8342
-2227
8207
2605
6651
-1819
8183
5025
5997
8869
-7350
-2141
7120
7948
-9403
8854
-3293
3829
9397
3570
-902
-5359
-5605
7661
-3111
4047
2651
8076
-394
2911
-5073
6481
-9511
1396
-2567
-5713
-3217
1563
3295
406
9852
-4429
-9895
-1438
-4837
4825
8351
4994
-2963
-8473
6844
-5306
5435
3344
8906
7689
1008
-8821
-9803
4507
-7751
3679
-3538
-6822
-9805
-2465
5630
2690
5691
-2856
9758
2256
-7660
6446
4116
5751
-2018
-2711
8609
4320
2253
-8348
-8701
8636
4623
-6899
9036
7277
-2913
-6944
-8467
855
-150
-3454
-2451
-3471
-7990
-6660
-321
-7794
-3056
-8743
8470
3305
1975
-8671
-3262
-9389
3361
-4918
-554
-6270
35
6490
-5284
3510
2580
-1630
-4737
6797
-3935
9991
9128
9932
9009
1923
5025
2080
-940
-3694
-1168
-9489
-7161
-8398
-2062
-6743
6215
9564
8318
2801
2503
9455
1188
6859
-3468
-5482
3316
4840
-5764
699
-5153
1618
4260
7355
9216
9544
-9876
9697
-2884
1050
1425
1760
-362
6307
2370
8157
5269
-3215
2445
-7620
-6793
-8145
4337
5649
67
6495
8113
6895
2237
-1592
4548
-8682
-2004
-8832
-8433
5558
8651
6466
5620
-2602
6127
-4611
7979
6519
-3304
3223
-6088
4772
-4698
3434
1717
-4730
-7712
-341
-2412
-9826
-439
7707
4172
-2206
-2715
-9121
-6086
7918
-6170
944
6102
-6724
4734
-4675
-6403
7975
-8217
-5265
-3274
2649
8532
9676
-4573
-8525
-9084
-3303
-4663
-4949
-6854
8428
-3405
1923
-6249
2864
-799
3760
6295
9541
-1162
-6906
-4616
-6585
-1482
5874
-1457
-1782
-8397
-7996
-5600
119
4555
-3498
-1189
-4538
2627
2839
-6184
-344
6249
-3123
-499
9196
-1461
-4790
4410
4694
-735
-1538
7007
2827
2403
2191
-3155
-2647
-778
1640
5358
7721
2767
-9777
342
-636
-4906
-6689
6086
5294
-7443
9209
3948
-4660
-2630
2344
8774
-211
3792
7864
-2161
5422
-876
-7063
1318
1858
-4994
437
-7462
6871
9475
3587
3180
-3864
-4790
-3984
-717
599
5074
378
-6675
9477
-5353
-3435
-7526
-8196
7588
-6394
7880
9892
-6341
7932
9984
2065
-913
-4699
-9231
-2855
9896
2995
-9251
-7054
34
-1432
-4195
2899
8728
-5890
-4184
-7018
-3739
1224
-7332
-3027
5861
-1679
9665
9559
-6150
-7031
-3498
-1245
-7208
-5820
2954
8688
8061
-687
349
705
-6324
-6666
5261
5130
8730
5403
-8671
-230
-7049
-7306
-6322
-1367
-4549
-8888
-5141
1373
-7021
-9715
1933
6279
4183
-9644
-7793
7639
2777
861
-4703
-6710
2638
-3679
7056
4265
8411
1169
-9925
3064
6795
-175
5484
8978
6564
2092
2724
-3477
8148
323
9141
-4109
6315
-2167
-284
1579
2610
9347
-724
5377
-9698
-9826
8506
8421
7400
-8963
-4786
-8456
-7952
2702
-7926
-2481
-847
-8519
-8898
-9170
9290
2211
-9151
6817
-483
1652
2470
6334
-6314
2360
-9757
-5709
2585
6706
3910
1183
5641
-9360
6723
-8190
8570
-5689
1869
7260
-7387
-1498
-2101
4321
1997
-259
5948
-1295
815
7186
1217
-9380
-7708
-9562
-1426
2208
3302
-1935
7118
-9727
781
-14
1414
704
4576
-2887
-3006
6797
8929
2132
-1239
3596
2273
3857
2905
-1092
-4146
1531
-9999
6335
-9926
8628
1613
3141
6916
7673
-5968
-8325
1124
-4695
219
-6095
3462
-1917
-8075
-5850
6741
7449
-1322
-2899
7917
1030
-5693
9787
-5702
277
2309
9993
-6771
-3363
-2576
-4939
-1271
-9296
1881
6745
-673
-8695
135
1302
4751
5435
6641
-4359
-5878
970
-8058
-9963
-576
2981
4079
7146
9091
-4095
3257
600
-5442
1294
1257
7135
-3013
5906
6105
7926
8294
7407
-5061
-389
8232
8788
-465
8045
1203
-337
999
-8136
358
9780
8089
1094
7969
8023
9437
-9725
-454
6132
9242
-6119
8410
-7978
-7142
-2672
8809
-374
9012
9681
-376
-7130
-3444
-4453
-1054
-702
-5251
9048
7152
720
7480
-3857
4373
2989
9258
-5860
7503
7979
-1997
5095
1873
9210
3991
9485
-5656
-5952
1669
676
-9333
-7644
-8561
8933
6759
-4766
7599
2378
515
-6077
8983
-6907
8708
3112
6709
-1621
6262
-6830
-3794
-9661
1052
2012
-4650
-2732
-1407
-6953
-1787
-4816
6243
-5546
7077
268
-1550
7423
4732
-2277
1305
-6551
9593
8457
-4994
-2986
3943
-1805
-5196
-2985
-9809
1229
-3530
3968
8262
-8954
-2930
3750
9408
-8969
-2922
7905
-9833
4473
6851
8828
3049
3564
-2981
-4105
-9263
-4791
-8275
2726
-6899
-2215
524
658
-121
-8271
-8264
-33
-3324
-6215
-8774
-3111
-429
-3602
-9041
-77
-6792
-9437
3258
-5526
7891
9369
-8660
5421
6657
7286
-9281
3469
8002
7545
-9175
-8062
-1596
-5433
6448
7538
-4360
-232
-825
-8142
7736
-8605
7335
-3603
973
-2480
-6818
5218
7311
-8391
-8634
-704
-7300
2522
-8984
-705
-1527
-2087
6145
-1144
-9085
739
-7929
-5172
9781
-5223
8231
6572
6061
8043
-3176
-3940
-2578
43
-798
-6394
8565
1467
-8210
8862
-4709
-4550
3763
9776
5584
-9811
7498
2484
-8443
-3195
6944
-5084
9377
3008
-9931
5326
-6520
-8103
9553
4548
6124
-7406
1588
-7422
-211
1694
-7943
-6388
1583
-6958
1751
6864
-8120
-6188
8427
-4547
9908
-2321
-5984
-6084
-356
-8377
8401
-6836
6220
5947
442
7883
-5645
271
-5710
-548
-9493
-4602
6562
6484
-7211
2697
-2429
-9662
-6084
5063
2304
8935
-4842
9567
2259
9549
-1691
1643
-4954
-1969
-7310
-7025
-9204
7689
-3796
1998
7056
-1547
-6437
-2874
-572
2156
-4913
-2177
5150
-1638
-1969
-3052
-2582
-5585
-7815
743
5006
7713
-3286
3158
2445
4058
9859
1011
-1642
-9962
2605
-8972
-1661
3691
-2081
3545
3371
2378
-4952
-5210
-2657
-3474
-3864
6132
4496
9738
8262
2480
-4727
1725
-4440
3135
5567
-6432
-7020
8387
-9791
8478
5715
8964
-3889
-7693
-6479
9958
6621
-5155
2953
7538
-8977
-4904
2338
-4704
5789
-1546
-5522
7504
8004
3745
-1474
-6363
6026
-2252
9946
-8164
9803
-3270
401
4212
-2763
-6209
8872
-9072
3509
-8666
-9100
-6119
-3452
3443
166
5625
2309
6898
-9711
3429
-5365
9050
882
-8021
5106
6724
4052
2434
7194
-9007
-636
2278
-6749
6373
-4090
-8104
-4135
-4418
-9933
-4587
-4580
-5591
-6162
7467
3409
-3127
-435
-4770
-6213
-7670
8114
5339
-9621
4882
1048
-7030
1372
-963
7979
-4697
9427
5683
-1743
-6269
-2336
3440
-4033
-4503
4056
-4073
8411
7027
-3658
-9591
-1527
6626
-2419
-1047
6409
796
4503
-9607
3916
1169
3173
-8523
1308
1865
7538
-9638
3550
-6784
-6370
1421
3405
717
6757
4346
5672
-6557
-7509
4560
1768
9659
-390
-1383
2810
6410
-4950
-3637
-8040
1728
-8113
6179
4397
-4369
-8324
2299
-1769
-7065
9737
-868
9005
-6383
-7611
-4847
2890
-9846
-9655
2189
-6525
2700
-2926
5921
-7795
-964
1117
-9180
7532
5591
-8885
6978
6
-1584
1211
4218
-3927
-6161
-166
-4978
2708
5697
8214
1561
-8328
2014
2796
-1673
7541
9050
-7660
-5131
3629
-1897
1354
9361
2040
224
-7873
3123
-6852
2298
1294
9273
-670
9700
-8089
-1838
6209
-6090
1102
6270
-7412
9263
8973
-7546
4965
6737
-5648
-9197
7163
7291
-5541
3088
-2081
-7355
-9466
4301
-8629
2040
4238
-7718
-529
8862
9739
3482
-731
1996
8556
-9751
6549
-4175
-3057
-409
3610
-4881
-1298
-9116
2989
4633
8288
-4664
3062
782
38
-4952
-903
-4079
-2653
7841
3072
7767
-4677
4573
-36
-7745
-7971
3436
-3829
415
6778
9728
667
8540
3275
593
512
1390
1711
-9444
-851
9736
-7265
-9083
-1131
-2698
2601
1889
8773
-7777
-6592
-9286
-865
1832
-7090
-6925
-9579
-2062
-9788
969
-3008
8590
8473
5913
-1342
2816
4814
7295
7302
-7489
-848
4295
3053
-1154
-2847
-7034
8452
8531
6707
-983
8065
2868
-7288
5974
-3057
-5143
748
-1739
8496
8549
-4299
5752
1048
4397
-7241
4642
-4533
9672
-8852
6828
8459
2692
-85
-3174
2603
-9716
-4454
-5288
5946
7886
-3441
8474
-4359
-6450
-7342
369
1252
-326
-4125
3628
-6463
5349
-2496
-5440
4970
-9876
-1613
-9409
5204
-6900
-2715
-8865
6125
-4459
3235
8195
-266
-1972
-6484
-5324
-8039
554
9203
-227
-3766
2959
5165
-5254
864
-9991
7075
9125
-8747
6356
4533
1224
4752
-3783
-6276
-8486
-3127
-838
-1467
2662
213
-4577
-9901
-2544
-7233
-7049
6291
8448
7713
-3583
-7030
-1281
6162
-113
286
-6379
435
-9295
-6467
-9429
9941
8139
4423
9204
-7396
5131
7631
142
-7298
1336
-8563
6550
-298
-7389
2772
2899
-8569
7514
1093
4377
-4413
-1380
8038
-9093
6282
5294
637
-169
-9960
4333
-2089
-2337
-9021
8852
-380
-5665
-6262
9975
8020
-2180
4584
2173
-8680
-4157
5635
-3096
4868
-8633
-3062
-3806
-3363
-3386
6895
7557
-3897
-914
8862
2581
717
-6910
-3664
-1008
18
5565
-3717
9152
-2499
8519
-8685
2454
5711
-2054
1759
-6372
4837
8052
5055
1297
410
-7409
-4323
-216
-3676
1420
-1582
1419
6827
6462
-2064
7425
