24.36341353 24.90957358
30.33100482 4.75353825
20.35628934 1.99088732
24.26599175 23.27159040
29.99750156 4.75582204
29.96265395 3.95443859
23.66709248 23.42603182
24.53136688 23.61953419
30.07556491 5.12858783
24.54557989 23.07970114
25.34341673 24.23643002
24.14304772 24.28322985
29.73488465 3.81662981
19.61567733 2.52762916
29.54023979 4.32298906
29.80919197 4.20422477
24.43379114 24.31018085
24.44172122 23.53591916
29.45979834 3.89972017
20.06920779 2.72142632
24.63319737 24.20972663
29.05910879 3.86466850
29.34984524 4.43490206
20.14851096 0.90158520
24.51046418 24.22774454
29.66120327 4.50681168
29.65788432 4.10774890
24.10375067 23.40638674
23.36590180 23.93738723
24.38889350 23.80867601
24.34324617 23.52379231
24.49997846 23.92276518
24.28782962 23.76715311
19.87847610 2.22394946
30.22821486 5.05688958
20.42581969 1.81704007
29.38997262 4.01439419
28.94379753 4.38322728
20.37612273 1.49901718
20.10175200 2.68263777
29.95555089 4.17510591
20.12895262 2.81107101
24.29309925 24.52229378
20.11374505 1.98830567
20.68890231 2.09472457
30.79155184 4.94086042
29.13203650 4.54789305
19.46639122 2.32775718
20.25913207 2.63824805
19.74746184 2.55359230
29.53598413 5.07456100
29.02399000 3.70695424
29.62491177 4.55824475
23.99419850 23.89933300
20.07581750 1.54591103
30.52047795 3.96359523
30.17647357 3.99572415
20.19569054 1.73486743
24.39785503 24.24542857
20.62997570 2.82814779
20.49069320 2.41583957
20.56363240 2.38535736
24.81242866 24.06020904
29.15434772 4.71433039
29.62802082 4.48423401
29.90384960 4.34617214
19.73349142 1.64850234
29.97283685 3.99111398
20.07165491 2.72729193
20.35548960 2.33735512
24.10085551 23.99250418
29.91751625 4.27679906
29.80819786 4.18816379
20.79862720 2.81493505
23.94089769 24.31574909
24.47220324 23.47415455
19.07242055 2.41050522
29.77058323 4.33153694
20.47270573 2.56544989
20.19199333 2.04534538
19.85187868 2.37385036
24.72641571 24.05897486
20.11692696 2.87459897
24.81530358 24.60766766
29.25741020 4.54664684
25.27059958 24.32562037
29.35847312 4.59667501
24.57795448 23.59830166
30.62660655 4.48651395
24.67831324 24.19715474
23.97521086 23.98194450
20.66642793 1.49864203
30.27437877 3.75715066
20.49357297 1.63899732
29.02960086 5.05357374
29.98446758 4.24692972
24.25299224 23.58911300
29.66404628 4.09960303
24.51388493 23.89388729
24.72484074 22.81549860
24.97549994 24.17795277
29.69319580 4.35425736
25.13854347 23.36287938
29.21770391 3.87074657
28.86045084 3.77610840
24.90143397 23.40064204
20.78127129 2.45780305
29.41445681 4.29969763
29.43284051 3.78323491
20.18791082 2.31597851
29.57619931 4.75210508
24.29505039 23.89590305
29.65806838 3.71002544
24.28069124 24.12573531
30.23703723 3.62475296
29.32133494 4.72400140
20.57766196 1.50770146
19.25724609 2.11041456
25.16113103 23.80670173
24.81937737 23.80228563
29.77626243 3.42858957
30.03774663 4.14084046
24.30771736 24.28903451
29.34726980 3.87515664
24.84292548 24.13258683
24.17321653 24.50670838
19.87588885 1.81889020
20.80702506 2.47927975
19.69127722 2.18578157
29.42927624 3.40080499
19.58518235 2.87952117
19.93197940 2.39607946
19.93107310 2.27001776
29.35126305 3.80262503
29.56302743 4.18549964
24.83688757 24.30514612
19.75064126 1.91840462
25.34595267 24.00053310
19.67532190 2.53385166
20.52869491 2.21212476
20.04989555 2.00078266
25.45727843 24.04270405
24.49756257 23.92213800
20.18758564 2.21480321
29.91064437 4.00699930
20.21983678 2.18705691
29.57845252 3.81013130
24.57940075 24.08220090
24.76777694 24.89886941
20.64718694 2.32144430
29.38664280 3.64029913
29.84955590 4.08878133
20.12142098 1.98997992
19.93939838 1.39942674
24.54032123 24.67829968
29.12593425 3.57702008
29.46759542 3.40020449
18.74705216 2.35305148
24.58436651 23.51500211
24.33457025 23.69359040
24.46736989 24.40483323
24.73605785 23.34973488
19.84920935 2.72729306
24.20432057 24.74554633
18.98184793 2.43805651
29.18108533 4.06228447
29.77087379 4.79588054
29.99357190 4.01575716
30.17561176 4.38232901
24.46946355 24.65824167
29.81807517 3.92081113
24.89978845 24.39464100
29.80636206 4.33125518
19.96087606 2.52983083
29.25894726 4.74621423
19.37623229 2.75413096
24.00281336 23.88827255
29.20125381 4.51760210
29.75640958 3.55106748
20.06461072 2.07261150
19.98568552 2.25046325
20.08487597 2.12966244
19.86524546 2.98287932
20.29363464 2.60298122
20.51905434 2.26026032
29.88149737 4.33553130
25.25992741 24.16964429
24.57301920 24.73897222
29.94546385 4.39929754
19.90045615 1.73172582
24.37377415 23.74527986
29.73416590 4.06993816
20.34524444 2.34507691
24.79837515 23.54680183
28.85967050 4.89386854
24.87174685 24.37211591
20.40544503 2.16240408
20.48473378 2.13331806
20.30982727 2.25654060
20.09619271 1.87887764
20.61294754 2.41804265
29.94423709 4.54781862
29.65857235 4.35722798
29.72386640 4.18606940
29.96848177 5.09513894
24.39137318 24.30351231
24.37738616 23.56623568
24.76711389 24.08966554
29.66468944 4.02676924
23.96515089 23.87309859
19.23881045 2.13327559
24.94739485 24.00318268
23.92676547 24.19915843
29.63498812 3.91818006
29.52846507 4.65556838
29.99299537 4.96698293
25.00279771 23.45449790
20.41775763 2.03233056
28.88235417 4.96849328
24.75506104 23.72410947
24.62577698 24.55146504
24.65032394 24.80578469
24.26820753 24.45044873
24.38226963 24.16100508
30.78364556 4.27086226
20.20072980 2.68897799
29.66033517 4.19803947
29.76986215 4.06379219
24.38268642 23.93878636
29.58769216 4.71630292
28.91126071 4.47748923
24.39494161 23.89173270
20.23537199 2.74795538
24.34491143 24.02950643
24.31371063 23.92080209
30.51251241 3.63630869
30.21838337 4.64124872
29.42606568 3.70729465
19.49235780 1.68146212
24.25115842 23.72983448
20.27883125 2.24668745
23.69892259 23.85420764
20.49279174 2.52346718
29.32852962 3.76435295
29.46266268 4.21506548
29.57776229 3.88063188
24.59974323 24.50183419
29.30835063 4.54775979
24.75501779 24.52526650
20.14783831 1.92308912
20.31159356 2.01282474
20.14810052 2.06907709
20.02888329 1.86743844
23.94952644 23.99565137
29.44870336 4.70645985
30.19301858 4.62277597
24.84506065 24.12337531
24.54011127 23.64245336
24.94194829 23.83716568
20.49546756 2.38076230
29.42945948 4.52153674
24.32804484 24.13399009
20.54266103 1.96222542
29.53203550 4.47644550
24.47415250 23.98281685
30.39816473 4.24293755
29.85872863 4.27257455
24.23154041 23.85524470
29.94792108 4.42677690
29.66950614 4.07645950
24.79758837 24.34611574
20.21816535 1.77531772
24.05879276 23.84969393
19.41480341 1.70725646
24.51410312 23.54443728
20.75019998 2.17154871
20.17803919 2.11500759
29.94558024 3.36520301
24.46111851 23.17480626
20.35086091 2.23234065
20.17388298 2.39313538
20.16691977 2.61563334
29.81766110 4.23460260
29.83065054 4.60145926
24.05149160 23.55659685
29.25200944 5.36212292
24.71951453 24.16569596
24.44828384 23.65556303
24.15394244 24.46439744
30.26490762 4.69875292
30.04480222 4.67589922
24.23983001 23.61447456
24.59067242 24.60602994
19.80751146 2.58089343
24.65658881 23.51269517
25.01898654 24.04990986
19.91881121 2.01913593
29.18430562 3.76268296
24.12010729 23.49606667
24.07572756 23.83227999
29.41530190 4.70411137
29.10398568 4.32365759
20.12365537 2.23127057
29.56641661 4.37766580
29.80934050 4.78548432
20.57668216 2.68248691
24.58600536 24.79840917
24.91559194 24.17241538
24.38601401 24.00030052
29.27105189 5.03048424
29.90467491 3.69624298
19.93062477 2.32196229
28.99759714 4.51563028
23.70279920 23.44231832
20.79125163 1.69304165
20.36935279 2.58825157
24.90763986 24.35398662
29.83119688 4.18386587
29.88121665 4.20755720
24.10527802 23.58525119
24.64501217 23.81951796
20.46277947 2.09897126
29.22084059 3.52260187
29.04995290 4.66923186
24.27750846 24.02010434
29.65650708 3.40940417
20.30692452 2.02608008
24.44814789 24.30480369
19.84277827 1.93412526
29.63099569 4.28832661
24.91619599 24.43400491
20.35240574 2.45373236
24.63016825 24.97766940
24.66205973 24.32474397
20.10494868 2.33587590
29.47672310 4.71202723
24.56649635 23.43594769
24.48269465 23.82397826
24.32635240 24.13621709
24.35909514 23.97055131
30.06109084 3.92409322
28.83273826 3.87099739
29.90398867 4.03544120
24.81319515 23.86686586
20.16699315 2.18061301
29.04473333 4.49862841
19.80105951 2.10775476
24.13038929 23.92167385
20.99842585 2.40267939
19.51568911 1.98166573
24.21126934 24.51839455
29.72746531 4.73477962
19.36889084 1.03818619
20.00773228 1.69610284
24.92634147 23.88234098
19.91545304 2.48044376
29.25878209 4.14975788
20.66763400 1.95907818
29.15839502 4.50820507
19.84125312 2.35594818
29.40704766 4.36880710
20.16012839 2.36192977
29.72572493 4.18940974
29.32737052 5.45426460
24.68169028 23.79214126
24.15243153 24.31737593
29.94321406 4.38303622
29.31232813 4.57681957
23.58193986 23.75176777
20.32241479 2.19359520
29.96138883 3.88611884
30.01322260 3.68223285
24.68094251 23.36888561
19.95764642 2.01540288
19.72106317 2.72943146
20.24688375 1.74261655
20.61526931 2.18244924
30.18196839 5.26660126
24.99499888 24.11233976
24.65880153 24.72352756
24.91665192 24.46194104
19.36387805 1.70994758
29.37174755 4.29435754
29.22387120 3.40365158
24.80883780 23.30539256
24.41024399 23.53519226
20.59925832 2.12028501
20.30387237 2.09598448
29.62847349 3.86991124
29.05341074 4.47840294
30.06047466 5.03010659
30.41089480 4.45628914
29.79819098 4.45659070
19.50609396 2.91919318
30.00210445 4.59503055
25.11284155 23.53926796
20.25094128 2.05324611
24.34373854 23.74593705
30.23623910 4.50818416
20.04042429 1.89997034
29.81093691 3.61696915
29.79449942 3.69892593
29.06320089 5.27204354
20.22491063 2.37824921
29.36175279 4.41293190
20.02884388 1.77020909
20.78003440 1.56951593
24.70295643 23.45493451
29.08776732 4.71544122
24.19368978 23.73570322
20.47946384 1.95001188
19.99379571 2.64510110
19.93751478 1.87973584
29.55808162 4.17010805
24.51960123 23.38035994
29.50520151 4.27655255
19.75960041 2.61843760
28.95175967 3.88672799
25.04246585 24.28897430
24.79602282 24.32757888
20.20432999 1.97445362
30.11088780 4.78895543
20.18893356 1.48194809
20.35493229 2.49771711
30.13287098 3.94516094
24.58054772 23.97508169
28.98971747 4.46707377
30.27043347 3.61873423
20.25689967 2.59217446
29.44891150 4.27801181
19.69620765 2.39483166
29.75613216 4.12141143
30.01722463 4.55768900
24.01205397 23.53291903
29.50063210 4.82293579
20.11604950 1.71321272
24.56131486 23.77874787
19.76666249 2.34413751
29.65173657 4.66145924
23.31750841 23.38767747
30.17005687 3.89425666
20.29170361 1.79520212
29.66608201 4.13198085
24.74485759 24.23322576
24.85685997 24.72639856
23.81610100 23.66025799
29.48005125 4.85180319
19.78637823 2.38418092
29.45524169 4.36476527
20.31916443 2.48949363
24.20738816 23.36710454
29.99309984 3.92848516
29.22666369 4.29853051
30.07796164 4.13612963
19.72499778 2.09166368
24.30148130 23.72309895
29.85577520 4.51614463
25.29115967 23.77429043
24.17832276 24.04878421
24.19653107 24.03901000
23.91216511 23.64750277
20.27853109 2.41247369
24.78639313 23.60833848
29.87288191 5.15403345
30.25210780 4.65401769
24.82723257 23.29391035
19.77957116 1.74000651
29.59419217 4.60635754
28.91685225 3.91944686
25.20727880 23.92679470
30.25210585 4.28706902
19.84146914 2.50170323
24.72600970 23.69764385
24.84967757 23.47439086
19.88724579 2.72901754
29.84250467 3.89181980
20.21400498 2.03166283
24.64233896 23.49120475
30.05169104 4.51116496
20.16369929 1.95564466
29.78500863 4.36047346
20.58231094 2.07382760
30.03344660 4.25521988
30.08540693 4.01706432
20.14695420 1.63968705
20.55826413 2.02509991
20.47356807 2.72618077
28.97140453 4.53817688
29.91574118 4.36570419
29.59213113 4.12725289
29.61682521 3.64545579
24.94213279 24.10603596
19.69383103 2.21093193
29.41745461 4.75160408
20.39254757 1.98672377
20.23570654 2.15473649
19.26096159 2.75572282
30.75698730 4.53430339
29.69909455 4.52885699
20.08890453 2.25148440
20.16842019 1.63210809
30.18658321 4.20126877
19.74741246 1.92187206
24.20765580 23.62511181
29.56588638 4.29606223
29.54156174 4.99787651
29.66069584 4.20268243
29.49759850 3.85875065
28.77185623 4.41641332
19.71492055 2.45699370
29.44038439 4.66515605
30.38616566 4.71090617
30.07822838 4.16697567
29.20589590 4.42132739
24.85405884 24.42350895
19.47598233 2.52628907
23.96041133 24.30015252
19.75989086 2.07033018
19.95430101 1.85013603
29.47760561 4.50384225
30.77463133 4.30620855
24.52680174 24.38255118
29.92441569 3.91147241
29.23122556 4.53488571
19.09495612 2.64732990
20.11191213 2.88462323
23.79123220 24.59512246
20.06030484 1.68143116
30.15795865 3.86073446
24.41094496 24.62090210
29.94099343 4.74675354
29.17561967 4.14756247
29.48482895 4.60467827
29.90775948 4.17110929
29.88653354 4.61675983
30.47002986 4.05785830
19.67853444 1.66846401
29.88878403 4.46896227
24.27406468 23.65196077
19.95975092 1.50440410
20.29359454 1.63783482
19.94912193 2.24445829
23.77756939 23.68874300
24.32039231 24.59991335
24.65984954 23.39635960
29.76972597 3.98061643
24.87912108 23.95819852
20.17499908 2.80093074
19.36445725 2.36073335
23.90257600 23.91503039
24.79044325 24.15625995
23.91648749 23.84092061
29.61492059 3.96546372
24.44228956 24.04943123
20.29845142 1.94586860
24.00210777 23.97233199
20.24559057 2.34883123
25.01862996 23.85913608
24.00210683 23.91012378
23.81423793 24.03799345
24.37244302 24.15624236
24.56760379 23.57320025
24.30912340 24.71808061
24.17063161 24.78701502
24.11572601 24.04642581
24.17774415 23.83487221
29.66110732 4.16890071
29.27336776 4.47001694
25.03190141 23.39757861
24.20779321 24.53752954
29.98081987 4.31615400
29.75671819 4.89109134
24.74248062 24.25410794
25.30706462 24.46335843
24.08141884 23.86686558
20.86344231 2.14945802
20.36809034 1.84526321
24.83519210 24.06849884
24.56540816 23.96774747
24.29961067 24.10882949
20.32003726 1.23347463
21.01277644 2.37491828
19.50887755 1.95406100
29.61001031 4.23917212
20.06043541 2.01003934
23.76982080 23.06531438
19.48858909 2.31066690
30.04484497 3.90301015
24.02716591 24.61945234
20.12126762 1.99212684
24.45176993 23.98696072
19.95101434 1.60487652
24.69495967 23.60136171
24.65676589 24.03464735
20.94893237 1.76460511
29.80149502 4.19760486
24.90994902 23.76819597
29.72819136 3.81222556
20.19418312 2.01492359
29.56370191 4.97640839
29.44752744 4.37420695
29.94713082 4.13771933
24.72558222 24.24700840
24.77967001 23.59945909
29.58257536 4.12214635
24.73654795 23.77963090
29.97608119 4.01253143
29.57903773 4.54765469
30.67589310 3.88662652
19.99894045 1.57534819
29.16439332 3.97862636
19.84533884 2.28747598
24.68269646 24.23986320
29.23759155 4.12192855
30.37955367 4.10377140
29.55038934 4.03621699
19.25235828 1.77444823
24.62302229 24.30929571
19.83590319 2.75971344
20.16831434 1.86582748
19.99622324 2.63826108
25.08683254 23.99962486
20.31641799 1.86269832
19.78538335 1.92834990
23.70630207 23.75552858
20.55974341 2.17213002
24.46760011 23.73195395
29.44201825 3.85392529
20.38408674 1.81899642
24.57614657 23.72583431
20.57603538 2.09907951
20.79339162 2.67984232
29.81725880 4.51208261
24.46423759 24.18892521
20.44387817 1.75010500
29.82297182 4.57292046
19.39533390 1.92199054
24.90011382 24.17111614
29.84621201 4.48281667
25.27213709 24.62698903
24.63000468 23.83656592
20.04188084 1.30729874
20.41678519 1.65272548
24.87850773 24.01255655
30.18322628 3.71096017
24.63540448 23.73888978
29.27027936 4.25320440
29.67431794 4.52128545
29.10182084 4.84088113
20.68078925 2.15579795
29.56480026 3.91219609
20.19409179 1.66785025
20.23342102 2.59252984
19.76383157 1.07430287
19.67186387 2.16013090
30.24408129 4.37226103
24.45726858 24.08419109
30.45791127 3.86044094
20.17030889 2.10869679
29.74181641 4.24536339
20.44688338 1.88512310
29.26118694 3.84896450
29.67164808 4.05982412
20.52987675 2.29735518
29.32728670 4.38039374
19.61839176 2.06131513
24.46238277 23.68046501
19.97861513 1.55828343
30.17751417 3.92280568
20.19807365 2.56355371
29.79450356 4.16799443
29.89637600 4.12906262
29.97369503 3.77579958
24.81109912 24.57379727
19.93931805 2.02520774
29.78457922 4.83569912
24.69695890 24.28967619
20.41073977 2.25992407
24.20608398 24.36572751
24.80787733 24.62834521
20.06596139 2.38503036
29.27503951 3.91048719
20.10561954 1.94078368
20.15108325 2.52777263
28.74459776 4.09113858
20.41084048 1.71507181
29.33799213 4.89938007
29.25327199 4.50953068
29.89068638 4.36686856
24.54557259 24.20817208
29.28813420 4.16614752
20.59263645 2.69824902
29.94881994 4.65361121
29.21697922 3.46634857
30.23815669 4.01533505
29.46243704 4.13736802
20.35782082 2.26875184
29.42211052 3.95761718
25.13213487 24.21549452
29.62965039 4.29040583
29.59235732 4.05739083
19.97466092 1.46834758
19.44760659 2.62467839
21.07225958 2.52938636
19.77250566 1.61723920
29.73507866 4.23458552
29.91070254 4.16594722
24.47969321 23.68131720
29.82954064 4.70697204
30.31873185 4.09132338
29.31001084 4.13520084
29.83647812 4.47003032
29.63466108 4.23315859
29.65827559 4.31682845
29.97739245 4.33178760
24.64044043 24.32440220
19.76775686 1.94558951
30.03306171 4.36656108
25.30725014 24.24595303
25.03443826 24.27674157
19.42678866 1.35989330
29.69237781 3.33682682
29.16168149 4.56599835
28.91711676 3.81784843
28.89265262 4.52562471
29.89433784 4.27181178
30.39865748 4.10800491
19.96152935 2.44808282
20.33678308 1.72219734
24.27230499 23.47035449
29.75021808 4.12344741
30.15271153 4.20940062
24.32926417 23.35139020
24.37766654 24.56061715
20.29991839 2.13405773
25.25305871 24.45715612
29.43884663 4.08890597
19.62053255 1.68664645
19.93187512 1.86060768
24.42368557 24.20251679
24.22461660 23.08947998
20.72058578 2.37872467
19.78980750 1.93300940
24.37804545 24.40612025
20.47890920 1.50202207
29.98717940 4.47947256
24.85008481 24.09166631
20.51340322 2.03251485
19.78963854 2.38413935
29.47585953 4.71301737
29.26876895 4.75033033
29.70088868 4.23030175
20.00315899 1.28538678
19.76143001 1.49731208
21.01019827 1.86908411
20.40257935 2.77252040
20.60738759 2.13293805
30.20432923 3.82646162
24.15194879 23.99086536
30.08851554 3.71408250
19.53603571 2.77386842
24.81855411 23.48543009
20.19468799 2.33948424
29.93665432 3.79584083
19.39192854 2.02049126
23.83514769 24.53749176
21.13145673 2.68369226
24.59812431 23.43725645
29.99397937 4.02222869
24.69609358 23.93007043
24.60637252 24.09258837
30.27929961 3.97054261
24.70926058 23.82888646
19.96797434 1.80265948
25.09019344 23.57805689
24.93845315 24.15509047
29.80277117 4.52263770
20.55060908 2.62805371
29.76809957 4.34248645
19.61588365 1.87098702
24.46901694 23.72153886
29.59356039 4.69749565
30.10113675 4.36622195
20.72017548 3.04311047
25.14108282 24.00312121
30.03807067 4.47772982
29.61904788 4.58644755
19.39766879 2.55566118
29.84152467 4.30304569
23.58115166 23.38664632
20.78837033 2.47638004
19.98427219 2.52621328
30.23542275 3.13159905
24.67091445 24.32614250
20.03533064 2.89957870
23.55991110 23.87176160
29.34225138 3.52759531
29.72977328 3.70856737
19.97999092 1.58030039
24.18508480 24.18247074
29.49989616 4.21700538
25.17444282 23.97917902
20.23102108 2.56199333
20.15651122 2.04560838
24.40160836 24.70013688
30.18550389 4.33045624
19.95933869 2.04985627
29.86924612 4.00281390
19.71509318 1.67702089
20.06136081 1.79201822
29.35908412 4.71060941
29.33905392 4.85053724
30.29823709 4.46817783
24.95830457 24.29991376
29.37193705 4.54830024
24.26453050 24.34957271
29.42899146 4.54571966
20.36900315 1.48147264
29.69071537 4.35640930
20.62765370 2.11930508
29.23596805 3.70724165
24.78651841 23.78761079
24.71693178 24.06751654
24.35381351 23.86773469
20.01377048 3.17225760
21.11603510 2.62260225
29.00621631 3.75813224
19.98437908 2.52669898
29.17971913 4.04063304
30.03292390 4.41162754
25.07642720 23.39017651
29.55068531 4.32616108
25.28440746 23.94258628
24.14587600 23.40684569
20.42606810 2.58663843
29.48150151 4.49099223
29.80292949 4.44520489
20.05610629 2.75539002
29.87771047 4.05173532
24.23743614 24.43986295
24.84717160 24.08384585
29.81232653 4.44488120
24.30176745 24.28019992
24.35668812 24.29061395
29.50489813 3.45719799
19.86089545 1.77838251
30.17607369 4.23087585
24.23609118 23.68223468
29.59917428 4.80802374
23.59583635 23.98307871
24.81764776 23.56460109
20.16456446 1.83954515
29.96664970 4.47856697
20.50152235 3.24023680
24.79282070 23.81302714
19.74294873 1.58675599
24.56648452 23.47017866
29.17668375 4.66864854
20.40966136 2.16258774
30.14983140 3.68929015
19.87128934 2.20084239
20.47672885 1.93628737
20.03160661 2.68227882
29.75129108 4.16800976
20.14247892 2.82756794
29.31697848 3.73188744
20.41565120 2.20046965
23.99108944 24.53693250
29.53960564 4.13996320
20.05739473 2.39564945
29.75371136 4.24296406
29.20346376 3.95966969
20.94830667 2.21478708
24.35562056 24.19628675
23.99974007 24.07552492
29.74346435 3.84487879
30.49299196 4.43244491
