30.05077100 -7.34314287
22.65447566 23.46799536
29.18458118 -6.77187750
12.45923180 16.00292350
18.80635341 4.80633059
12.77603309 15.17458974
9.03031341 24.60528121
8.84343541 25.30071315
12.57213713 15.78018888
12.43333826 15.89140252
9.46997814 25.84738500
19.18928008 5.11802457
22.44685266 23.42498520
9.21247242 24.80541490
18.63156500 3.97395479
13.23596348 15.45357000
18.38585383 4.30623819
22.80083784 23.77258438
19.11855287 4.30341302
18.80328227 4.07549839
9.73858971 25.55158871
21.89506011 23.70823695
29.29672034 -6.66025101
28.74278447 -6.66624164
22.42305627 23.29110396
19.02292505 3.91534048
18.88954732 4.16825745
19.16589647 4.67639086
29.48231389 -6.99565251
29.45903900 -6.76149665
12.38367380 15.36813046
13.55474624 16.02280840
9.57569144 25.33701813
22.50079579 23.85875385
22.43876925 24.16233912
18.79538091 3.92935445
22.55359455 23.40765222
28.85438568 -6.84257531
29.54559540 -7.30179573
29.70873141 -7.23514741
18.36293774 4.48094894
21.94016877 24.09655806
22.35106270 23.24278007
29.45008186 -7.02807076
29.74739266 -7.23776567
18.60478093 4.17405028
29.28090091 -6.97518174
18.55254574 3.87198272
18.82182877 3.93686521
19.17031351 3.71129872
22.64089635 24.61158841
9.42055531 24.95430389
18.10511238 4.99117998
22.33722483 23.65916178
21.27863912 24.04065966
9.71114834 25.41353603
9.53027892 25.12839279
9.09626568 25.28646768
22.02886715 23.13820869
18.65805387 4.50162275
19.29133754 4.35795338
18.53196950 4.46409169
22.41940120 23.63812489
9.68319518 25.36509438
29.29826237 -7.16577152
12.71040290 16.14977603
12.44700319 15.76585257
18.57704239 4.92495999
29.49419282 -6.85056249
22.23120413 24.54634534
29.49233641 -6.54600929
22.28800124 23.57128700
9.74328058 25.27770083
28.76923789 -6.53145220
28.83563046 -7.29105100
12.56814645 15.93717584
19.00301816 3.48765368
29.72457016 -7.51157221
29.48169243 -6.52252990
10.15553308 24.98344051
22.10475075 23.57518606
29.06194368 -6.77911279
21.97817859 23.70439289
18.99086172 4.14348858
9.78686985 25.00691461
13.40826940 15.47320089
13.33989562 15.76061563
13.02878851 15.04804232
29.52102959 -7.44461944
9.58147743 24.85829429
18.85531742 4.19147447
8.57977877 25.27927675
28.83562024 -6.69029416
29.66744157 -6.91261842
9.26504642 25.14284692
22.27760173 23.82480315
29.40480456 -7.59247395
22.19358606 23.06358911
21.81601734 23.76035417
18.02181301 4.44503746
9.51554495 25.19282539
18.37902750 4.44640126
18.95415726 3.86274954
29.34739918 -7.05059723
22.77980103 23.97776428
9.13042408 24.79498586
21.78000216 23.52438336
8.74423125 25.22301410
10.17201349 25.70967045
22.01231585 23.82461172
22.02186874 23.56890395
29.01614431 -7.18706288
28.97564962 -6.99687404
18.51437907 4.63282847
13.16090421 16.01474782
9.40403308 24.96235253
9.44021448 24.65267479
29.11168234 -7.47297058
9.02393542 25.92258803
22.12381445 23.54393745
21.80435994 23.53131267
12.87758616 15.60575507
9.37505001 25.37683593
22.51805148 24.43955725
8.31721253 25.24851563
12.61135203 15.45039254
28.83174450 -7.06804115
28.86766312 -6.88518076
22.22503892 23.64147491
19.38881246 3.73859225
18.67132398 4.11615582
29.13774670 -6.97409995
29.28841356 -7.42903400
19.12139827 4.78892836
18.44026251 3.95531802
9.13808864 25.49825336
29.27483932 -6.14490295
18.97720311 3.75548745
9.36618532 24.67480465
29.07329916 -7.37186797
18.72279509 4.21194256
18.53377439 3.97180338
28.61700845 -6.94117676
18.33574302 4.30094668
9.96644524 24.84837576
12.56639327 15.41057442
13.24243160 15.41087318
22.73164091 24.17776090
22.14608296 23.70233135
9.36657886 25.49798461
22.63163898 23.49849824
18.45962299 4.84773455
18.90978345 4.62058888
8.91761034 25.16877505
29.44286871 -7.39342951
23.07899915 23.66738847
13.12952868 16.28207776
19.36698511 4.18027210
18.80083278 4.43253272
22.52480543 23.78244650
29.29767586 -6.84748426
29.42039384 -7.28865733
18.74743388 3.88913393
9.35092597 25.21233938
9.82546187 25.39965340
29.78725550 -6.48939921
22.41875006 23.09636956
13.00030447 15.47182318
8.81809355 25.16062756
9.93831338 25.60545554
9.41600712 25.70029180
18.80045494 3.62897169
29.42810929 -7.20358637
22.31202315 23.58297545
12.33113208 15.31701711
27.43243254 2.54322354
12.46993758 15.68306267
13.63131419 15.54892360
9.28877428 25.64258500
19.00701564 3.73265616
13.43920356 16.17514041
13.38735006 15.55074071
18.12528453 4.23714506
13.05128025 15.48144882
12.41291742 16.05781530
22.50301331 23.32136283
29.02473219 -7.95603956
28.99126938 -6.39437610
22.00879255 24.32104589
22.25491521 23.03192009
9.80530578 24.62710094
29.45417952 -6.99967285
22.03499315 24.06580882
18.39892696 3.66904204
29.16145960 -7.84649180
9.21677423 25.32130434
9.60182981 25.94412686
13.00798205 15.58481325
22.22299010 23.39049475
28.92771830 -7.19455502
28.72247479 -6.90701880
22.52837718 23.42626632
18.35494645 3.58273637
19.28580343 3.97471426
21.89944412 23.70223256
19.00608760 4.94854634
21.76105912 23.57796853
22.24489205 22.99667937
9.32983410 25.18316349
12.61214553 15.03129310
29.28176416 -7.51834333
18.54257672 4.29421325
9.19435059 25.81095405
9.68885293 24.98181746
19.02860679 4.71158371
30.20587706 -7.69534634
18.55410822 4.20356778
12.71014334 15.92346423
18.67720227 4.79211216
18.30268903 4.46436768
18.63446345 4.49700364
9.13177062 25.68661052
29.85493915 -6.93390331
13.33666929 15.70535699
19.11123377 3.81563204
29.59602058 -6.96330363
9.16181759 25.96433341
29.32973982 -7.03368595
18.80053973 3.90505421
21.56432993 23.58566473
18.73359657 4.12588084
13.21572806 15.55751814
9.43147250 25.55895478
29.54009174 -7.00481788
29.25530790 -6.74248130
22.17942647 23.15408805
18.90963051 3.87276831
18.35821372 3.98904793
18.51053343 4.66925421
8.96106560 24.37922633
17.99484164 3.92480188
22.06938615 24.23016446
9.13246001 25.26236604
22.23757521 24.25204096
22.56853788 23.46527387
12.75323290 15.45470649
22.21637654 23.35095566
29.71468724 -7.14848930
19.21458650 4.83396634
9.34300370 25.52714015
29.59593249 -7.31537852
28.42000652 -6.57237051
18.48412979 4.07427405
13.80675033 15.47971648
17.65840490 5.49384240
22.76462410 23.74481077
21.33054572 23.92341413
21.41910110 23.98775284
22.59445932 23.69500025
22.37517328 23.24384828
9.80844776 24.89916787
22.07892476 23.77281419
13.06728547 15.71623101
13.20897568 16.08667076
9.62549225 25.85637881
22.78803388 23.80361706
29.56754032 -6.92065253
28.92433021 -7.53957859
12.85091323 15.82185233
9.04188413 25.40998309
18.70972761 4.55387044
18.24641867 3.89239366
9.33825261 25.94362695
22.54375633 15.65412375
22.17217640 23.94078052
12.73960515 15.64391087
19.01441408 3.69832480
13.22399739 15.30576095
29.36796672 -7.57956200
19.21310013 4.73542275
12.98389153 16.10878743
21.93049830 23.65448831
12.48709883 16.12033696
28.80874609 -6.96054411
29.04211255 -7.30476441
29.89354118 -6.56012650
13.57070664 15.38572635
12.74346933 14.87687513
29.39505014 -7.34877538
13.10432473 15.08626379
29.68682347 -6.81718693
29.08687845 -7.08983057
29.20695893 -7.10976082
18.64077150 4.51785885
29.29875260 -7.83192526
8.68297397 25.75125058
18.35067096 4.55081687
29.25160050 -7.04201482
23.08362863 23.32008002
29.08457509 -7.11067092
29.14732675 -6.85805570
29.00472554 -7.32443435
22.07686611 23.25725857
18.83984357 4.27212720
29.09303883 -7.21792326
29.72516120 -7.53050259
29.51437664 -6.41717151
18.59820478 5.32536579
18.51000968 4.41853386
12.85420015 15.55611509
30.16592928 -6.85823647
29.05782874 -7.74424900
21.95553467 24.20757366
22.38276252 23.38063032
18.79378520 4.20527113
28.67599367 -6.42940651
21.91526095 23.22170093
19.42360788 4.58954355
9.41889400 26.02447159
29.46715398 -6.91594809
29.25728701 -6.76414687
13.67794932 15.13323637
29.24967209 -6.91981847
12.33803015 15.53275479
29.14412767 -6.78695906
22.75626682 23.03107590
8.62303078 25.16104129
9.45487388 25.48580157
13.16104424 16.00336086
29.17564881 -7.77245914
18.34887375 4.39695367
21.94546045 23.15114054
29.49350269 -6.84790840
18.57361471 4.20400297
8.95350397 25.62405558
13.47354614 16.18242331
29.44041900 -6.57162571
19.19246016 4.43063209
18.18532338 3.95083163
29.94387462 -7.25151941
22.32064059 23.25967362
18.51384552 3.99978739
18.35575896 4.22461543
28.94320675 -6.87245193
13.57225904 15.56456012
28.74170106 -7.38007481
22.29973370 23.92356678
9.48308687 24.84728291
29.07703123 -6.19702645
21.77523011 23.48756777
18.75600512 4.77161970
29.23407445 -7.24133299
18.58315354 4.64677377
22.53000342 23.59539197
29.77950194 -6.46780484
29.30196916 -6.64680565
18.82235347 4.17793151
18.38538770 4.24949031
9.79200206 25.46281482
28.68819388 -7.53137036
18.91238450 4.99407397
12.65139012 15.20544195
29.12401443 -6.46994546
12.65483346 15.66691569
9.14799881 25.69632374
19.41235638 4.03726424
8.90334951 25.06749379
9.63807737 25.06399297
29.33871887 -7.07958807
19.51965799 4.22433699
12.86909485 15.31044859
29.74520957 -7.21796608
28.83967426 -6.61675909
18.23370007 4.75234461
23.26476721 23.81748291
19.62904423 4.50562274
18.65821802 4.30419244
29.69945722 -7.39258584
22.70080683 23.77330154
18.97626568 4.19911406
18.52789964 4.09852613
29.47583654 -7.09231802
29.37507790 -6.15145926
19.28415165 4.84345285
22.38499453 23.43175820
23.17418162 23.82812227
29.17271106 -7.01177407
29.49783555 -6.38466733
22.49544699 23.47006692
22.69853939 23.89599352
29.74343960 -7.50004344
18.55283877 5.01708494
13.08300487 16.10444157
19.15322638 4.47917937
28.83562600 -6.89139045
22.51068002 23.21239767
12.49950817 16.45288064
22.18951117 23.17286398
22.40896245 23.99407904
12.76274048 15.61433191
29.85035767 -7.19137394
13.25360798 15.83070033
29.73247060 -7.39798108
29.17576631 -7.11493703
29.20679087 -6.26329811
29.55079780 -6.87742383
9.25638614 25.18001900
18.52535488 4.31347932
22.97225156 23.85071355
12.95733026 15.99111492
22.00691984 24.40918103
22.06814062 23.43703215
9.86952724 25.30266098
29.76131990 -6.56901061
29.47460954 -6.89738638
9.41542031 25.12144990
12.80576627 15.51919431
13.13878099 16.02447073
21.66421857 23.82081998
19.04690672 4.20356229
9.83944749 24.50577386
19.14613162 4.29140111
12.99122880 16.28368568
9.83378117 25.19390921
18.24934580 4.85698255
19.07816872 4.23500919
12.87384640 15.56364273
22.34858685 23.85372997
9.74314544 25.84958328
18.58296722 4.29112664
22.87822688 23.53027944
18.61971494 3.26565717
30.00484564 -7.78859007
28.54847979 -6.83189391
12.85076311 15.19305415
18.90570321 4.51357097
9.37300282 26.00420637
29.25575982 -6.69126233
18.47977845 3.90767439
28.86295454 -7.20440890
18.60703819 4.55884871
29.24999196 -6.79496850
29.02445050 -7.69899143
18.87659307 3.59248489
29.03430919 -6.37879088
9.33984336 24.98668446
18.65354248 4.23327253
22.55186363 23.35055945
9.22145649 25.56983869
22.36520103 23.59191442
18.73555663 4.05402889
18.72141598 4.74045725
18.54052299 5.03441177
29.31157191 -7.16874302
21.56438491 23.35202736
19.36654879 4.15993236
12.90060328 16.17561874
22.73019498 23.44678307
23.32638608 24.69483157
19.34563416 4.35916066
29.32204335 -7.49891467
18.04161659 4.47817056
29.91182371 -7.90651236
13.02234828 15.64225673
21.90878243 23.59775163
12.32806478 15.77581452
22.06775250 24.03837818
12.49610740 15.78532425
13.32280795 15.78105777
9.38541041 25.14471376
22.39887519 23.37450632
19.08005191 4.06601798
29.07295756 -7.05397915
18.98702768 4.43455590
29.39327813 -7.37019666
29.19689280 -6.99087407
18.73629263 4.90425165
28.87669079 -7.58854163
29.48869791 -7.33845683
19.23682407 4.80797693
9.52330262 25.33916497
22.70655838 22.96164918
12.81641537 15.81972407
8.70754600 25.89043561
29.57084919 -7.63415647
28.78871556 -7.38296158
18.42477616 4.17911535
21.83578134 23.95562285
28.66022370 -6.43079406
29.09274986 -7.34193294
12.49690047 16.05491740
18.83233898 4.44820747
30.00486961 -6.86236372
12.93845103 15.79258345
12.67128530 15.74005465
12.60389145 15.17540819
29.17639050 -6.69319816
9.43290639 25.28019180
28.67985944 -7.09107793
22.46771586 24.11626942
22.72591871 24.09746149
9.73304875 25.49364007
22.43570927 24.56275770
9.62336214 25.27569307
21.43694917 23.38067236
29.67464998 -6.67686782
9.93870167 25.26515211
19.11709868 5.07476979
9.23277064 24.41158319
12.69800720 15.92976687
18.54227133 4.64882164
29.94863290 -6.41971159
12.77408940 15.50753190
19.31461334 4.97558084
19.11850074 4.53349158
12.86798093 15.72304758
19.02162575 4.13260970
13.42386272 15.34729704
23.54472941 23.95437148
29.68602144 -7.73914415
12.54576627 15.33261808
18.95318541 4.68668045
29.49178095 -7.24887767
29.19733697 -7.73223461
9.54228549 25.90955986
13.35977187 15.13867699
9.35507450 24.44196891
22.47120519 24.07620728
28.29737385 -6.49995853
9.28241900 25.56855245
29.17732503 -7.25565836
9.13446877 25.31104350
29.24499436 -7.10889494
21.76280760 23.71683599
18.45587397 4.58880299
13.03023575 16.06798259
13.06156156 15.91785355
22.68529783 23.60495273
29.00991554 -7.20706103
21.91100884 23.79034399
22.02724506 23.16523081
12.87529248 16.32217186
8.143278543 17.43212454
28.67585701 -7.53554144
29.27419875 -7.84237253
18.66865506 4.20077294
9.07342764 24.87057480
29.68366406 -6.99485271
22.60718359 23.32203874
8.72900907 24.94103741
13.62263086 15.90170866
9.04618132 24.80407600
19.09831099 3.81598579
28.85743507 -6.94920108
28.71932637 -7.13842281
29.28925919 -7.45056214
19.06090277 4.86229660
29.74099544 -6.73066575
29.44861745 -7.88132359
12.85190621 16.08884367
22.63583520 23.08722041
29.48888677 -7.52702244
22.93210841 23.78824599
29.32768087 -7.02057815
18.65102859 5.20026242
9.60497132 24.92707687
9.12716714 25.69727294
29.20890197 -7.15044899
21.90496450 23.87365427
28.70478366 -7.04501293
28.88639843 -7.49626359
21.67540338 23.14113385
19.47937477 4.35621774
18.89794622 4.59926344
22.13457947 23.31455640
8.84112765 25.04125547
30.12677225 -6.90664400
21.78675327 23.53070548
28.79290503 -7.14141743
18.84571081 3.94898349
29.19308644 -6.68983961
22.32666501 24.11633082
29.03266332 -7.00188104
18.09269336 4.71671680
12.67911702 16.30780624
21.77526019 23.10236135
18.90900252 4.48491744
29.13834589 -6.78034691
18.90275780 3.91814882
12.47094909 15.39816937
28.59361954 -6.80451727
18.94983022 4.45217539
12.79274181 15.43045120
29.29060016 -7.42901661
29.62513437 -7.12604039
18.89243172 4.57968649
17.90483342 3.56180462
21.86700668 22.81721142
12.57668160 15.64342916
29.51401671 -6.98043519
29.12576491 -7.67788827
29.32129453 -7.01685797
29.42979577 -7.08033471
13.64547882 15.75171447
29.00921427 -7.62671563
29.37949329 -6.56259104
9.44167982 25.96700915
12.83485282 15.85717251
19.43390165 4.39006872
10.39662995 24.92099555
8.71483824 25.79502799
22.19778254 23.37359564
21.97837843 24.23445858
29.57702225 -7.48311541
21.40315311 23.91764782
28.96677772 -6.80793007
29.87949639 -7.28741820
13.04132662 15.28407981
21.88686278 23.85495679
29.67017465 -6.76530666
12.77526418 16.15647427
19.39866268 4.56866091
9.58800392 24.88837333
19.11862143 4.34643336
12.95221139 15.59212991
13.05551789 15.66083633
23.15625288 23.84554654
29.31214503 -7.01447374
29.33787750 -7.89995330
9.74315552 24.61848539
13.05563874 15.49847956
12.96027598 16.35058456
19.53160437 4.18508714
12.89772886 15.84776858
9.63545076 25.04115659
22.14281768 23.63101761
29.33982968 -7.36475915
22.72731483 24.22433085
19.52585929 3.92990188
29.24674949 -7.39846841
17.92033815 4.17207001
29.22174509 -7.34057328
9.85829874 25.11275756
18.54174996 4.61358030
18.41271899 3.68740650
9.62758246 25.66235720
28.96474097 -6.86919559
12.56172750 15.87127419
21.71473090 23.85495210
29.00807051 -6.71915324
9.04797782 24.97143475
9.32491443 24.91738480
28.85674987 -6.97290277
29.61179633 -6.17667749
23.36659696 23.99406905
12.12892856 16.09975781
28.88985285 -6.57515238
13.66305742 16.11870223
22.54288082 23.87568855
13.38860933 15.60991334
29.23475105 -7.17062334
22.48494073 23.36110477
29.30876379 -6.88578488
29.00064948 -6.73673001
29.24050984 -6.63864207
